1000
-5.1532238112972495 -0.28075107839790725
-4.727693912615263 -3.914048545690168
3.501473046875155 3.3645356956826937
3.92322027431306 -0.4998501546514671
5.500452651302323 -5.775972935781109
4.266118214735343 -0.9660908962295522
3.7737037103127857 2.5759934014850074
2.476271958582652 -2.546508407965396
-5.100538198939417 4.832422107505373
-5.67459265808764 -7.492664381576867
8.067013463980054 3.1602986773571455
9.64882210746481 5.5401876879008665
-4.502504068266521 0.6632114085416667
5.0701187514248005 -3.3409219410926427
3.512756455802892 3.642443355370027
3.558385230113352 8.370685922184485
-0.13188310297609718 7.163742858722966
3.6309342144396854 -5.370812628820573
0.015668984415464493 -9.511987541860327
-4.122009701798797 2.8782020936843917
2.6405061018338962 4.881160261901972
9.97399862105538 2.939986759782162
-6.886917491425879 -2.099585530865782
-8.546489692378657 -1.5004418466273801
2.4266683191039036 5.461418020712291
-5.732120049299372 -5.549043535276281
-1.260350018446477 -4.1775446884341445
-7.497710728871169 6.517393134735823
-1.181785615373986 8.079199240419406
2.6208965198635052 8.32655629700184
-2.524281502219818 -8.154613873290282
6.221193612835233 -4.483120559992888
4.5308535591651555 4.501871699730929
-7.483075342765302 6.47011332278009
-9.142532991650338 -2.271456903931388
-0.3677870761898099 -5.08993688213748
-2.2252899695493316 5.990595946924344
4.277819998411307 0.8768982864264991
-2.673061632607576 -3.7672865784609
-9.506266675588886 -6.519042428501676
4.928598665708936 -9.758276005962509
-0.11942237981387649 1.3595177153863869
0.4000878932016363 8.970339002475306
8.105609733700256 4.90451484609326
8.59638000072923 -8.428400857810312
5.457347964302892 -1.9012557459815085
6.630974576844068 -9.024299880555366
2.8361634208140263 -2.807403366997214
1.1235181022392702 2.5478940696742303
-1.193555053426607 -1.5270879796454846
-4.049779748588758 2.6981869382814345
8.1992277113767 8.02007614323525
8.651972763476778 0.27060412338950357
8.242460966062673 2.6190020661087203
-8.044138188449303 -4.878203773150376
4.30936569062599 -7.1158140159886285
-4.2084585259051055 -4.494174058296347
-5.886380005168135 7.17853981651438
4.734718965213885 8.713971379921542
-3.456610518134873 -1.949750103520671
5.985786051554786 7.875442670656817
9.31449404276933 -8.318564320210136
3.7924072266205364 -8.09308385896174
8.23630240871162 -4.763089342833638
-2.3493371975895982 -4.694157227647988
0.12220061794292292 7.020886977520892
3.67011729127152 9.814499669723801
-8.760211297625958 -0.006012022074408208
1.163980818837473 -9.061201693201372
-6.315782645148227 -9.527528657319648
9.826285882650026 -1.112112633767989
3.171379363996053 0.7260889887601856
6.783818454682628 5.707623874606792
3.485930089905837 -3.2894471341837983
-2.6387137850110847 8.213011972954693
5.182414223939013 -9.684908421773095
-1.4259814369288364 -0.2182535768667151
9.126040274710444 -0.7248716950918777
0.16325913843048312 -6.846978698179318
-0.9270695528298578 -2.705365648327942
-5.585112079510579 -8.917193641580823
-8.272036049273463 1.942240450876314
-6.946786442008648 -7.961185426382922
7.5815970795927505 -1.4702672630561668
-2.8227727691668765 -5.924581771631012
-8.684662403940626 4.451075086395505
-5.492480870190295 1.6108080398990836
6.6788266295435115 0.35464262987021655
7.137818177418911 7.03571365468564
-2.5202376771116057 -7.959122578317405
2.5359143126578925 -8.084961851870682
3.691182832258537 0.12210764943545627
-9.285513087095262 -8.99920745616312
9.66890784576702 3.2508075741548623
1.2931603777898495 6.356740685538934
0.08521335635898808 5.117103199305561
5.5988762665691425 8.60220778776483
8.423105762154165 -4.564142584429465
1.0024607298160966 -2.385477045963544
2.7388312195179605 -9.211790617677714
7.365045015813809 -4.013390962420531
3.88854954209277 -7.5480407686037605
-1.231226391521691 -4.881741380028406
-7.471630350954104 5.249736246417358
7.632024862211747 6.0266673336807095
-7.064763420150082 3.9634083670015468
-7.139858750693482 4.793826314393481
4.059436687753617 -7.9922741910258726
-1.1415454979533237 6.025410198863316
1.207765979143554 -9.174273717888335
8.035164318089059 6.777820584529266
-4.63030646422782 7.862954487100037
5.847422772770576 -1.882911469185471
-8.562873022264412 -4.002914258916441
-5.505259326175256 1.8053570171806221
-8.568321392648068 -2.055933807710022
9.039636838057852 -4.432296142522625
4.341595110283441 5.431427689680477
8.036199212238312 1.9740996877292254
-9.716187828832396 -5.176048478694762
9.673051118173348 -6.821684943484709
3.444868482032394 8.406391992944972
3.9879500797029017 6.58763350050684
5.617692377280941 -6.327489992729342
-8.11292900881825 -5.005743768405038
0.13956199729889462 -8.260815120677146
2.502775602151221 8.781307041023656
4.649818880392223 0.3989107138030832
1.8494653325879007 7.5233882739900295
0.32419027619942575 7.343517335578753
7.787894990736483 3.633669548891813
5.105867230495937 -5.26351916539523
8.98410653829546 -8.333495075625095
-1.0582400652042772 -2.419274176238442
8.849914204814596 -6.533365960562946
0.14563161412049652 -4.776654521049755
-0.6223310307703844 -8.436973556864189
-6.251899975039987 7.858210607841773
-5.6672019426778135 -8.962520396989014
5.056770889184584 -1.968053631650701
-3.556597176616389 3.5550985748244184
-5.361947349764476 0.9283160252892344
-0.9730179474019742 6.325828039240793
4.545478029847427 6.6005588995243585
8.92011750287854 -6.526773810209097
9.85765031882179 -7.659230039191815
4.627756124339202 7.618716050867455
4.452195854445051 -5.980058293515791
-8.71550836919214 -4.553435793995007
-4.5695954168425885 -8.498183456747036
2.3210346344958506 -7.40311391553117
-3.2794914593787228 5.128231471309778
6.654841252258645 -9.559008849211692
-0.8741688138747588 -2.2068369517684143
9.774650612248589 -9.8745741655963
-8.552668050242785 -9.732779456298978
7.264465609455215 7.728094372965849
-4.701664481705324 6.203862659456668
0.11328695474469974 -1.5481239299939062
-5.157471758505521 7.653133248144467
-7.417301103826707 -2.5118168245483226
-8.075414158599878 1.9282679294308913
5.455178843447024 -9.48506453873852
-3.0739338386719 -3.684971545027511
-9.838207403223212 7.750464690229414
-3.8325026625877268 8.383168396887832
2.5887076973637217 2.0668851922379545
-2.209140216366629 6.5539593443466515
9.28775189764212 3.8735010009168427
9.794952203227162 -1.9027559276685544
-6.632988470718693 3.3128592062834645
6.259403069789119 -0.12399740875986254
2.5132536075428185 -6.230927052856286
-9.218619212519526 0.9259600210124059
-2.6012609701850327 -0.22991221035468712
9.762327808355145 -4.647705394025802
-4.849233458438073 7.072581781918949
2.420330330616661 9.04502347288339
-0.38692671152024616 -6.949767560092422
-0.7329859311162714 4.359194955999024
7.80400582841845 1.463103536392003
-3.7238568245235353 3.175530626022404
0.27714219479548063 -2.7320547606676326
-1.915630737571199 0.6516980631850711
2.0158386685083194 -5.663769905594833
0.3028729466833475 9.49392889440304
0.04395290252305273 -8.22122827741823
8.381910155739082 -2.276775819837087
4.110772257488016 3.0328176426944076
8.458561907196977 1.6799189352801065
-2.3910348351291777 -4.050475054523199
-5.768732044487654 -9.59508523670885
7.310146022061346 1.8267683034969213
-6.856996629045769 7.555418183755993
2.5534330261533356 -3.335742656137535
5.018239931849406 2.6575481956176805
-2.801845736562485 8.874969638736484
6.787116105256217 4.7677178293884594
-9.047360338480994 4.268947807433914
8.04351738303977 8.509215133516971
-9.383177005751309 1.3325170874867212
3.922055942926283 -5.030048762885128
-3.6728512592469764 -2.341957968512986
4.142211473666615 -1.9081357850377696
3.0680695975926895 1.8363456650111374
0.056187216560717346 -9.047996189797384
-6.484800359030574 4.205957759995426
5.150303022872704 5.729854571894453
4.700962686489589 4.560394345952245
8.688042662164232 -3.8250154673250636
-1.9556308608594168 5.246687171524618
-2.953858797958002 2.0336322921466348
9.962317795963674 -5.954571285089358
2.7833912752481105 1.1623911260728566
8.58062616421996 2.804620985395161
-2.4048844203891466 -3.048339134114255
-9.011257439250755 -4.9933539479556295
-7.955453806049926 6.20108682282822
5.032904176957365 8.279717747920653
2.3256263232519014 5.733726487321043
9.818266563796861 -3.677809923942828
-7.6999692488506515 4.805215773725383
-0.10868298789549868 -1.209856080786114
-2.3355171914025536 -5.24125309446311
9.499674127938494 -2.5943030209914113
8.342734025077899 7.396185969574194
5.377139025819705 -8.124490736532156
5.059842778758375 9.180207228395997
9.177666444203037 -9.833997789511365
-3.4553249265174397 9.651838200909996
3.9826823865154726 -5.736177283829605
4.91983407572282 9.342346455988046
-6.7680193031277085 -5.242871993537657
-1.4234968424744388 -5.022066934912948
-5.0208116713558955 5.40529487028693
-5.805032041353293 7.920222468906424
9.548588555455268 -7.678319028684766
2.5598637203025767 5.55507469359277
-5.529136729485817 1.4761112117885418
-3.567517695169899 4.736777012653805
-2.9989017335961616 2.9307804534631074
-7.019255835867648 1.4141991856356597
-8.426819659076571 -9.44470028663738
8.13072832775148 1.2100309366567075
7.220489420270187 1.9236489602081264
-4.308063506933964 -8.006245681550247
8.293576768665844 -5.322179358026286
-9.778263723266765 1.3835272058762484
-9.268699694207665 -7.150018373085649
9.332733099944456 9.631691516822688
-4.307336045591561 -0.53299974803938
-1.4899263964011418 -8.506847311446695
2.5323973736429313 0.21822643321946344
-0.5060139410711244 -0.5546017085820587
3.904085894401783 -2.9505621415347356
-8.103865511837745 -4.976534374193173
7.2004489565018766 -9.747101709168046
-3.0433503698994135 5.052696449735137
8.591140242322336 -7.044493378225192
2.211972270758679 5.206642352264911
8.594228148827973 -7.135953076286794
6.331938274205864 -5.412974204382996
1.4182948474901647 -7.291425591871274
-5.502192425818436 1.9171822433879981
-5.7621277916034686 3.032014331180706
-3.568782649055848 -3.5400516930982366
-2.8842798347639427 8.80607295518772
-8.452663670778147 4.915488183954025
9.461221445827231 4.810595049209304
8.693756861725113 -0.6759150924627644
-5.285033347628623 -6.204464997806356
1.5499610984425338 0.39344707923859445
1.375363623064633 6.1517333613390335
5.0004706256988065 -4.310377047000669
-4.466093201523393 -9.851270151808485
-7.341930832673135 2.7751388792308838
-2.2384933219759517 -2.2451256002433206
1.2017699088801326 -6.3524915175178265
5.489070756950277 -7.362983746715271
3.307488099002029 -1.2742021076397556
-9.048691372414252 -5.855895072912627
-2.31235310837397 6.152455545249637
-5.686497471896745 3.9110444873990335
2.1192367082470867 5.322150537737549
1.7767882112083164 0.17619492801053305
3.32812668004134 -7.681105447768999
9.25825120411373 8.987926590538006
-3.789296805931839 -0.6627465386022209
3.66793603763581 -8.817320771496558
-5.8877986905790936 -9.817016533411408
5.855641066439979 -0.6509964802382395
-8.255632656531478 -0.4070383210224229
-8.023837537043505 -0.05090928113828497
-7.186624346381336 5.383811085909141
3.3224211874263627 2.3513328662315622
-4.457796834943535 9.333147541070435
8.601693468825971 8.734483057195376
1.0099507583918879 5.2169136965492875
-2.819055265801012 -3.3439785037846566
-8.406126648311051 -9.429206223806135
-2.996946399666893 9.53435696274719
-0.2118318948879665 -7.486770862619432
6.676482351876718 -0.6234685812432197
-8.713147324147982 7.362094073598307
7.6667479773796 0.790122462302401
0.45633957783229206 -1.2033816548506149
-0.4311922457465833 -4.349923471619634
1.186599018544932 -0.03932552292593705
-0.8847212862386655 -6.251782095441025
-8.401911422745785 1.1730755874767258
1.8761719689177347 6.335244933034485
-2.805105020734131 -3.194928116793312
4.531613271251979 6.672011698228218
-6.207170114195808 -7.59524924980945
5.149800937699162 -5.461034441273829
-1.085505883937806 -3.7074133594726133
-0.9217648345062237 -9.890385109696105
-1.6683926801371776 -1.378084535159953
8.857029194116414 -3.324056242728428
3.048185375511599 -4.707362056583353
7.988899170355971 -8.579276463276136
-8.743579501351789 4.12598914151576
0.45120685191425913 8.763693400300909
-0.3395891953216452 6.352744828660562
0.511215328089742 -8.234377888893686
9.051160808877597 7.7367577359059965
0.7064930733996846 3.6562912290232283
0.12955383020133127 -9.449737488400718
-0.22181117067676048 -6.240531755110952
-2.687713744419442 0.1369050410038355
6.8956745927680565 -0.08002427251665623
-9.380972316871643 -2.0570077495928434
3.686842901446255 2.994986915310056
8.727354831153324 -3.333014988941539
-8.610880368090537 8.053715841781386
9.895288854245766 -7.428206269614113
-3.1379603005124483 -8.363303688291177
1.6895462420391922 5.023956845336002
-1.7469955572185203 4.757877028393798
-4.679103633167365 3.9683266504721626
-1.2163606979553894 -2.7102057583553796
5.876294456345066 -7.683590001820859
5.42492892331458 -9.04589257913119
5.850748457111081 -7.878957989820774
-1.8448922169446895 -4.653174629839672
6.120155100326269 0.9296063563603454
5.045052729483562 -5.740431829231875
-4.140384785852063 -2.1474503698378067
8.591709246564857 8.015257408629907
0.9000374686187378 7.653456170393483
-0.4791282422216607 1.6186377556736176
-1.370903763718223 -4.438507313572167
5.706400692892954 -1.7709079400522363
-3.2190812313486887 5.526564070507014
-4.096235218420321 -7.204790905275617
3.32212707123702 -9.71795896077097
-9.328442996237726 1.6476318329523654
5.130173493361134 -7.150538097044834
6.155428178522296 -9.571291778578367
-5.726840228291192 6.0141441204426584
-9.665347187591317 -5.055468635937073
-7.561363414273837 -1.1798440743148415
5.882333747757336 7.3569594636428555
6.422141482591979 -2.722343498424447
8.966022138734978 3.590256892218985
0.5745286698778234 0.24511418874517688
9.116324126929538 -3.0909802288733346
-4.279582565280893 0.8434678164890386
-8.283174315227617 -2.6689217962350797
-1.7016315801928812 8.778817317114505
1.7194803607462852 -3.1288894323631533
8.336682708315792 9.594755972439508
4.865345627430347 6.567719822613046
-9.633005769048854 -6.854999243485402
0.9913774720583888 2.8287693210321407
-2.5088916040199134 -4.528503037346723
2.9297355686246753 -2.1632055787771005
-4.445174518920236 5.7927097627315955
-5.943138455751573 -8.41165421881675
1.7457642932200823 -6.548651425094505
-2.2746448344806858 -8.401854623258096
9.92048092640933 8.440293853904574
-7.38753240688633 0.3809717844861087
3.5794683657165027 3.5200369879845184
9.444802646845474 -9.468777807096894
-3.353112053369589 -4.0395336723532616
6.609603541400709 -7.447876236539955
-7.924816517783406 -7.415629743965848
4.838782337625604 -8.456387715241876
8.782997949602159 3.059553625302893
4.452630154003234 5.439907009191515
-1.4519108709712452 3.281003351318354
-7.424072896211539 -0.3051395535668515
-3.7847555193791322 3.204057910036287
-7.710043564472739 1.1451863385416345
-1.0575515539873965 1.6340815966214688
-9.140301615123603 7.238691601370768
-6.803143484205167 -5.752339527731294
9.976276920968164 5.8966875945182515
1.8254047075332132 0.514883134515058
7.3804925180162755 5.986769496349915
7.763161845305234 -9.78821230996078
6.284078854865729 8.714193588649476
5.805821478798128 0.8565924801107947
-3.318921147424316 6.197113048222864
-0.6389996723457969 3.672868796933219
0.9425395802053753 -4.92703944711282
-4.793699279942471 -2.4226779207597886
5.013488970944326 0.19029629913893586
-3.979626274958921 8.20940703613546
6.0819440695828675 -3.7275181608788
7.816495602283517 2.1645125775762573
-2.2345089914757876 -6.103445267724792
7.396458010444171 -4.638009974008237
4.661741280772869 0.21272329470501994
-6.444148736272341 -1.126163975793581
9.53476466307815 -5.4630717748193796
-4.989900656880632 5.559362852783959
8.460372398462447 -5.719051441588183
7.873890419984306 -3.5042760765127134
1.9289089493692035 7.641557879324093
6.014923924429581 -2.5363038763978736
3.20498919725517 -3.947726542628784
8.716177503993741 2.642648680027058
-0.8305961973296778 1.6082701321969388
1.8191830797281305 5.188161319147735
-6.580810819792506 -7.4929407442562646
-9.1159242845848 -7.4897183082696595
-3.4223485223993393 3.0045667316646725
-2.1095393510339466 -2.160048211172141
4.566896009804328 -6.531720683676658
-3.383565618905859 9.065652910461477
2.0212246573206922 -9.183852130557582
-3.9286361172650874 0.841863367101876
5.070505478136209 9.961982485881741
6.22131906890289 -3.3845617454953825
-4.601556207724453 2.8450946529812153
-4.265670752248145 3.485568930127158
-4.218575807919603 -6.79602490054219
-2.4140800804719875 -5.292502244774237
-3.76059224770197 -7.539166108697303
-4.896337002606104 2.1697028088162327
-0.5188735643452258 -5.084150466234174
8.392758238075793 4.318792461242753
-5.498391195077305 -1.0929875828492968
-0.9270570060949197 -6.224111665729399
7.9908541501727015 -5.32651685792322
-0.12968764405719035 3.282800449311063
4.638246615990809 -0.6325980161536133
-5.1540949348494784 -1.3641712469595628
9.468083259193492 4.991135053711609
5.906199941158368 -7.09043630947839
8.01737899092014 -4.006034911540861
1.7289458959706145 -2.4574148975794063
3.467882023954745 9.844260349163942
-3.6489722161322575 2.7514832897978465
-6.229977884431522 -3.899797091308381
6.403355753231445 -7.740826050780898
-3.6527098302891776 -2.6658292668811416
8.341042807895942 5.467992910137395
-6.854665114179066 8.722911085731177
0.005417962007852495 3.9775983004074362
-5.4091634289517 -7.802331184022499
4.467707703024757 -1.2577645008223133
7.451005300236353 5.7554685637794485
-1.6575090348073829 9.181448612402235
-1.3646726341534752 -1.13522604971687
1.6223237530518766 -3.797135066107799
-5.343030816453826 0.8557865596170089
-8.426796225507902 -2.634811451507783
4.7720251171746995 -9.232327753911884
-0.6561717224216412 -5.695899765805796
4.74058264260808 4.332037955531593
-5.32011324542212 0.06325838784648319
7.704347167503364 6.604010052761961
1.4978923918371194 7.117158282591291
-1.148625500705693 -2.790702383766142
-4.938634878912273 5.6421165470708505
1.3392042515565556 -0.7423416841265844
-9.884562885222854 5.986186293168325
-7.626493788606958 -7.319788312084943
-1.4257627567430315 -0.6916539917277387
0.39010736317082184 8.080074696238995
-4.781292612203984 6.001821904193076
6.964057628387295 -1.8571675104533618
0.3507637907691308 -7.214049862088558
-9.629828457920347 -9.764616739821228
9.463011156487763 6.245505862912374
1.6452716066193762 -3.9712726311786017
-8.278504372940201 -6.884038140816724
-1.4468722623226569 -8.18769705059151
1.4222617366941606 -4.242328548457175
-1.9711228281901665 6.624503944289046
-0.4292387267439164 5.031494983541762
3.4804885520161832 4.406044192573994
6.346443879259912 2.1829348779658915
-0.24938275010675426 1.0898632353296644
-0.5468597941420139 6.361355554632947
5.592972313568511 -2.126696772270642
-1.7808724013232826 5.045414803444801
-8.80689204429132 -2.124686286213602
8.799050709959456 0.9153490137984814
6.564324280461705 4.963475732938846
-8.056844306553685 0.6073012075596473
5.575150841147263 0.7426662725626727
-8.462432028709049 -1.6956053670861557
9.915656263029852 -1.4707840929629796
9.482631258521664 -9.7361971942406
-2.514372076484679 1.5914409098311761
-9.535390079433537 -4.85141503912512
0.488424539915421 7.0194693032496716
8.789328286435737 9.427596050947827
-0.0598998493425853 -3.705696514967882
8.68460755649803 -2.8736930550969326
5.354179725528464 -1.0419029359520025
-0.6583496836274438 -1.1440981947418365
-8.961765197738973 6.744659918040927
6.453782210787949 6.3175539793213
3.73920622792253 -7.888777010817433
-6.875734556803579 5.373311372329061
0.30019008347945686 7.319539747739622
4.753165405936414 3.2945507583770617
-1.4578172802794072 8.046427194745572
4.876536536217815 3.9434940857127447
9.760079877097205 -1.0391219070562752
-8.080523234370983 -1.5871817513862645
7.022979323999252 -2.2130909964771694
0.4378790030254631 -1.9570985617946928
9.894641396944817 -0.9216588060475992
-5.338011076980697 -8.244195021296273
-6.759270654736187 9.263745357681383
-2.981836094918206 0.2896021829043516
-4.534764287666757 0.4768017464530985
-0.2064978117602081 6.186204660675173
9.819288714225106 -7.730627688562583
4.221298313376376 0.28036860619022974
-8.648699839075686 -2.4883974994741687
-1.996440738438782 2.9570903637593915
1.6182139729648597 1.615408295158101
-0.3498991401537417 -8.410862176388305
3.4533830668422834 2.674726108395671
6.002017240103697 -5.664012510034933
8.88738552925723 4.197951327902034
-2.079394584060978 -5.120022313396218
-5.256115599196987 1.814998517807771
8.361108247600878 -7.304989144776915
-7.516605957376981 0.673471999095792
-3.0860910831234794 -0.9123231703180679
-8.456376886689068 1.195450302172766
5.384110852503969 0.5201924465448009
8.725822780360282 -2.551575885450024
-9.906302991946783 7.619090383191168
-9.897636430614519 4.590962479298785
-1.671241015433223 -9.206877970206211
6.471546041302062 9.685704215243867
-1.282434828745222 1.5283589441033758
-1.4385819094231387 3.629317484567661
8.313508280024408 -7.801971480381635
3.9851721642081355 1.0310799269310813
2.7702673680031182 -3.3808699052326645
-5.6235415202323535 9.578788257870883
-9.765206132924234 -1.3925752668202414
8.183749877437105 -9.237284780248459
-5.552989993274808 -3.57308935807104
2.278653385508459 -0.21462029733644172
8.02339639253871 7.299442396141931
3.833871722212061 4.066915069099501
3.0149210358775065 8.034665007846513
2.8522663185352197 -3.037141394304257
2.5680447879582466 -4.640018040291065
5.279293157114537 6.143217149898117
4.880820165362323 -7.325203560519857
6.806826855879432 4.538687914907204
8.634381069698598 8.72280066990865
8.277194072574272 5.841953800588403
-2.3065929456426844 8.070623636359851
-4.9779870255371295 6.258997142708196
2.107410753916337 3.300665087036565
4.521207432465557 -0.46259094223762354
2.3080061338816087 4.470491996308674
9.443360774878396 3.255707623352917
3.8855652240265854 2.660694327679092
6.429341920589287 -9.060303171031077
1.441979090767143 1.3276292484045271
4.906928063354197 6.778945434709545
-8.245500517451987 1.6970173960094126
-5.22507892602267 7.54848455758729
8.848936677812528 -3.4211157746773146
-3.028958089316937 9.79785788191289
-3.4312479280266173 -9.246130762352385
6.738666525856399 -0.5483108076451835
7.839880397309464 5.475463163802308
5.8332469703592 5.672966800238379
4.069392235679096 -0.347748286001222
6.9600450089874 -8.82773390984645
2.979384116035174 -9.081204718166783
1.4105851217390821 7.103177405904052
8.665775292067693 6.073283385302691
9.166013447739992 2.266219899816484
-6.215043261274598 -7.745349187008539
-0.33866530563710917 3.5505725248721998
-9.490462001520788 -2.248634656609889
0.9552771702583165 -2.6250370270587187
4.25769912736525 4.478632368672157
5.226320914778382 0.34611316353151445
-7.811047655131955 2.930285343251583
9.31619273785709 -8.564858740236101
7.072388495696945 4.8061742825423295
0.46793939206041557 7.679375102319774
-3.628231489300166 8.53538553726272
9.456437426549712 0.7490566633470337
6.255107787618609 8.560162016277072
5.985007710635017 -7.3245618451688514
-9.275335021969752 -9.48507812737519
4.522572238487605 -4.381185696202296
7.176552225791827 1.3293094101456226
2.6815677241033136 -7.237934328916367
-8.562559740489501 5.803736432551236
8.787622415363469 -4.752691980450381
7.689133668375888 -0.649591013245443
-9.532225966734986 -6.4697127977996205
1.6800614030607637 0.3623676525145907
-8.11520139373272 -9.390816862750896
9.236007360614359 -4.932413315984672
3.670983940467824 -0.7084833102260273
6.320701198759014 -7.2552688340208515
6.6654890695470606 5.99489177443121
-8.239851277262431 9.821681739073046
8.235178850052808 9.534326994782933
9.232886551255373 -2.3525188392391687
8.259640547733664 -5.06903087329974
1.2416046118950863 0.6228793739733707
-9.21316148350186 -0.5159905959608739
4.51988174762084 -1.1058068039221212
-3.0833389736978623 -8.820344310643675
3.6910420802217843 -7.040279269905212
-5.354599952817695 7.968041164209566
-2.015563912513678 6.307484768933723
2.204960674224454 0.5209913319844333
4.427722195995408 -3.402386023167228
2.8564163558465587 0.7905856580777773
0.17201289985820978 -4.077803450509743
-8.851736865995116 4.020503046704139
-3.529979093091997 6.319973276737301
-6.674450599055173 2.8191496141927104
-2.6843647750806916 -2.0072293093594107
7.876808376535976 8.485615119816917
6.86662585351359 -5.434891510491006
-3.8684842638185053 -3.013473416069681
-8.489534963810213 2.247935273359536
-2.6284253308935046 4.813903398537372
-5.2034687391139585 7.911993638159764
8.096111809809777 -6.5888544363138335
6.446243383741518 -5.154166471784844
-9.120359277112417 -0.06367744844262724
0.2659551971896299 4.36803448654592
4.689447119815638 -3.1610452587177296
0.02571801959519071 6.482716282351134
-4.4211842827598 -6.941475134114812
7.230308032718703 -6.588033917199794
-5.651494640009087 5.609962373550324
-9.802817243250196 -3.8916772877333834
-3.930334431260933 -8.096593219722205
9.969332364795406 5.745001958975205
5.2871600248929 0.35256164493072006
5.329250503613888 -0.29892276056516565
0.27305107231553727 9.657993204046509
-3.456454820767041 4.703355857646654
-0.12422689764406059 5.6087622591075466
-4.544008175119718 -1.4437751821334484
7.311313583983697 8.327797162658609
8.160099384509437 -3.7147266779917176
-3.3315057681560916 -7.406540959213941
5.720556351253883 6.540030513508675
-0.04877508436663902 -0.7982243032371787
-1.7238034675590885 -0.25431804973381666
5.156394768762059 -3.709147299959426
-1.6545939421464961 0.7631696478975787
9.186831299901371 -3.8689978782973107
0.2681760571375946 5.711600184061753
3.324553685982245 5.091159145815423
-5.542712282524667 5.126430978690433
3.5403159932203554 2.3241900282720724
-2.505603694257184 -6.228581948908857
-6.908774270613536 6.170724736181036
-7.904938819424743 1.1918599345521326
0.6590012853479958 -3.6368181697921536
-5.419952257088648 6.491184218220631
-6.29278841009662 -5.18132523778049
1.7285204739123898 5.832468102311443
3.7866217850449306 8.141537984232038
-6.247991910902682 1.8110156064864995
-1.8064390441223956 0.9132201527339028
5.616321538490395 0.11362838427168143
-9.31301248496981 0.4293443074984964
5.051874857224853 -9.225235926709585
2.8957313374902167 -9.249251942472103
-7.668852808760356 -1.140713357050405
7.598164960591976 -3.2326352734287784
4.255297117752468 -7.4539458219952826
5.232323245269139 7.430819657322367
2.780235201017403 -4.643884043349731
5.795303098644588 1.3936668665674148
-2.674272497422095 3.663828771472824
9.71652251202321 -1.9997975028168309
9.049391271683891 0.648727464839542
3.340224057947399 1.9058414070931171
-4.769271652265097 3.490515680561062
7.328375555645014 0.5590593504222152
-7.601386730133656 1.8790798709642882
-0.4040923275491597 -9.638057237383963
7.948946279806229 2.805952973305212
-1.6839872741028827 9.532420760834551
-8.26254867861049 9.12319606825238
-4.91600610017787 3.5232754411705827
-8.504110406960825 7.500184138657119
-6.4960394172005405 2.3100684856398743
-1.091767650841149 5.178323442713035
-5.73657404038369 7.942151403865495
6.796627937494343 -5.681739780660216
-5.8133490518363455 -4.542052996786743
2.105266076882737 -2.2463431013061586
-6.19163542935534 0.5977426300774447
-5.766460722517682 0.6101678314086065
-4.314734657282237 3.7042385036121495
3.758165988803059 -1.4822488225628678
3.9634912246228833 0.7831552538823239
-7.302765183510063 -4.960992258936754
4.646032336122008 -0.0967846032594526
4.20740599511085 -1.5442496943228718
-4.445168677314067 -6.053152162520135
-3.031221049764623 1.2005523200394403
5.158106736564287 -0.8199920086683576
7.500236905484812 -6.010448941034252
-9.765782950997126 -6.808478511732212
-7.738667291120431 -8.892697771211505
-6.230849617589893 -4.540599961514731
-9.36490923800173 3.3140364724071407
-3.464476062677555 9.133606918518527
9.749351310089821 -9.50982741407536
8.476748081955733 3.581783087418973
2.5825963887744674 -2.597503269476322
-0.6792083830487883 3.826468554722542
-8.086552256305751 2.870931804368741
1.7737720562599169 5.209395907225677
4.41133048434536 -4.8656368128677325
-4.805632090598633 9.450457203050572
1.5290629934009132 4.358512772843987
-7.17416516139771 1.7259723227045605
6.846429551244789 -3.001616573221863
-8.536804446104824 -2.5270651947340976
-6.872946226761041 6.122331931115891
-1.1410612298626575 2.332919694744639
6.589191608151214 -3.175640308662109
-8.778637595465131 8.981390125552007
-9.245667129233992 6.495730702225821
-9.16453899778917 0.5451563107107944
7.725783591379269 -4.003421267649396
-7.862950870525456 1.892778886364594
0.8626826604539133 -0.3373288951799598
3.496591830662272 -2.7102642732353477
-0.44680960541891146 9.602053177514556
-8.480009960503537 -4.257790273029121
-5.846135488666711 -7.119192689607459
-5.150645903290474 -6.189626040393714
7.1505213044451175 -1.033294398847735
-4.7524190726832805 -0.2459016730858039
-4.790841489611135 9.19406124325328
-4.823674496947417 2.5810127849754867
-3.9761936460137886 -9.967385655999912
-6.8722509020122065 -5.101081928387519
3.7314441558454963 -2.4121785451572775
-9.353807377126135 9.431540255805068
-2.847598519541396 2.0294485468347716
8.2767223029436 5.638675115758478
-3.7720401308960376 -2.4601029045053924
-8.396739612476852 5.088796481958491
3.7651280059398236 -4.10677708281264
-6.910190775142819 2.064222959696643
1.961862261267619 9.9203481524188
0.6140409131811797 9.33598444333979
-3.825719026163659 -3.1145171446553395
9.383327480798542 -1.8724491980560298
-7.999296219478939 -8.806683822586056
0.34904679339460287 -4.006383588494529
-4.004384382906623 -9.133937173147523
-4.7142044838468955 -3.32782923319229
5.1899644284514785 -7.126015727326081
6.377914952950462 -8.074883503375592
-3.9175524655591287 -1.327470051174668
6.456518545335406 -3.0352812502540027
-0.12024487150742402 -6.806213465115601
-5.0440121708893475 8.27021004392709
-2.4980058211136207 -1.9405596709191677
4.209693703443628 5.430907539481094
5.232820834989498 -7.0730023368756045
0.8804697800358525 7.109216373176629
9.882069839963798 7.650540241971036
8.12215428308836 -4.701053487523588
-9.058034712598593 -7.66818019847475
5.4942936820580535 -8.238621583476412
-3.543727994250114 -7.642974178150923
-4.297115371959544 5.853560449310919
-0.8149725647088744 -8.84089865448449
-0.08418661954300255 -6.07965082445594
-9.864221710296743 -5.285002916666375
-3.2975739950336935 -2.996275996263713
7.645529203444244 -1.3181953664075046
-6.427544683728108 -4.17003934479236
-8.064121155672407 1.59522248250693
-5.359699892487875 -0.132751304712869
-2.5728752282212035 5.698352336065831
3.1164451428153654 -9.29659571471693
8.08536985421306 0.738347295011625
-6.871423972564797 9.075332846753593
4.689971486422701 -4.537027110019201
1.800745485641631 9.588939099196619
7.146934967608601 6.568660684077436
9.5697048138464 7.500215062676947
-0.16285025460057057 -4.503822675135782
-5.606681277515129 7.885262790327079
3.4766362357655822 -0.26044183828987855
3.806744027994661 -0.8909575847645002
3.079258680821674 -2.7715161948128264
7.707846913606296 9.7096650449963
-1.6493578357364385 9.86381416706222
-5.695895389703411 -9.35291306986426
-9.794693214605202 -4.569478510870786
-8.17096844924901 -6.677914095824673
-4.912682425197543 -4.118203452165394
-0.5630648345272427 7.853432714746901
7.388031606698821 4.382636139014476
-7.889399960253423 5.808212113221778
9.492799454404814 3.520744672274292
6.467278217668053 -3.0877411725680393
-1.148235472193127 -7.262877622518218
-2.975861842322251 0.2247286982388701
1.9581833415008916 4.298236252094949
-4.214884521431308 6.842840081301695
-3.7690310537439604 4.026206663886928
-8.063118192832006 -6.590145890988259
2.536446661014363 5.522969819291907
-7.0075658528042535 -6.468599730923659
3.4475811319619396 -5.231090091687312
-6.103412840309026 7.662283468680521
5.327233706933027 5.745986298050482
6.408431731422684 -8.892072365682317
-4.064730291870811 7.129909774371285
7.501604612827435 4.491666034931555
-6.502371762552515 -4.884544428361948
-7.426006652952275 1.371092291122519
-1.9612502587283327 -1.9164688588600143
6.9342865312377775 3.6437412638546505
1.2670322716660305 5.088149548327754
-2.666443548728883 -3.0356175789138584
7.416265149220479 -7.964013287434493
-5.76415578751182 5.603254067818099
4.184287632813227 -3.0492650721867243
5.072497115419704 -0.9934158025228541
0.27337347608265894 8.858998479852126
8.90079164709261 0.7777848343802756
-5.974844600346687 3.604001062686482
-6.3118431829175154 -5.120263876487858
-3.743846253425785 4.287915915693043
8.869088682687966 -6.434394292118828
-0.36171778854629366 4.063152093123797
-2.127362550999883 6.877676625195594
6.831962060959029 4.637465629173427
7.994118032460872 -5.48929846804665
0.06777648584517237 -4.8727059024508135
8.285489336325053 7.418312456369499
-4.014138247506698 2.7882502973556473
0.06461544326587187 -1.2519314062766096
1.2805251340216515 9.671228705037798
-0.8055843617415537 1.5227334619606747
7.060854109711553 7.397125492899043
4.458680460007798 -6.057574753393446
-7.173633766955863 -3.9873075941100407
2.16212105492432 2.2642975317800644
-5.429971710184764 2.2845795252937044
-6.492007086819063 5.923452767872169
5.75925285905155 -2.1918423745003963
8.357425086243413 9.890812035919897
4.8087664092779185 -2.0477638766244883
6.650356754684875 -4.779301111245271
-1.852476309845425 -1.0696760799008374
7.068772383027053 -9.677064872931727
-5.904884267594364 2.183616252572822
1.4487048624715637 2.701258627997923
-0.49858516224258054 2.7804220650274765
-7.001743586260014 -6.26807605415493
-1.5335341188827378 1.6812686127508023
-3.445324736727466 7.513367697827167
-9.554071037881753 0.48846192730020377
-0.08571145988229745 -1.1001494187186882
-6.33935477814231 -8.306590866582681
6.694902377738881 5.539028328644353
-1.0328072963738482 7.454538101444175
3.2410321523542187 -5.934581067977954
9.209567945409376 -4.416817262553283
-5.241870882117086 1.5587913075461906
-0.43957600096485905 -7.315667902009406
-0.8372673840586113 9.958495720782611
5.473556575339476 1.2936786003770422
-8.938719688089748 -6.668175939262122
6.607638973028415 -9.628077171585636
-7.178938362205618 5.726492830951873
7.444459350907561 6.661825140447252
-5.1273864318674995 -9.205614852323542
-1.6867843469833073 8.18304074864735
-6.816393345267178 -6.544281758814165
-5.854305478259891 -9.465720275835668
-1.7299234208448322 -1.420168430251561
-7.474553567281948 -8.308113803362021
-2.8383748069432935 -8.009178150962452
7.4573444273638785 -8.361545031213923
-2.5870078065626263 -4.936713735138161
0.772203833992025 9.424633129981842
-9.444804750678538 5.7554622511518065
9.194418434894068 2.1617881328475477
1.305201000476055 6.134086081281147
-8.161162067581294 7.962752657175617
-1.5961199980764906 9.277320920082179
0.2664202739564292 7.992393240942864
-6.872217392300374 -3.100858672624362
1.2164387877807386 -8.440727944910677
2.321036860519385 3.12058522589888
0.7463369049882491 -7.425787582331749
4.2194825241031495 9.520324955435395
7.748583586043459 5.721100536965384
7.389893782249828 -8.070971916250455
-5.322825821803856 6.3297954971136186
5.7829698520235375 0.38902322128348743
3.8046963205613604 9.210544169062072
6.1995167523157235 0.28280761269238397
8.444170277395543 8.603831386354326
8.39504778470361 -5.159033377103279
-9.69185774769636 3.9191324085646464
-7.401200744507223 7.0721129478360325
-3.4591953935824638 -5.919445860145678
4.3989476244731645 2.61447102261252
-7.052815470207891 -2.9331092691776206
2.746587950377034 4.090781230233276
-6.443266440657207 0.6281554188709766
-6.743177194233718 2.255211779447796
0.8969277417416155 -4.819831741521923
6.0360805883545225 9.553010277435302
-3.784228720716863 0.5233198852734589
-5.059421146790588 7.670654388608082
-5.619628240217203 -5.698836049743397
-6.528384991552867 -7.763711170090232
4.292048486098157 2.0090141607837513
1.4391553119646403 -4.96272883976464
-7.603298312661469 -4.117738396916446
-3.9240238396803617 6.9536791580305035
-5.767533565313874 -6.861346797378944
1.4603861928310948 -6.736336290817513
-3.055059002675753 2.818306347452893
-9.093655394040024 7.058562450948159
4.3135777431322 4.8597671269665526
-1.5944302785614575 6.2127191487349975
-4.928911242639746 -4.930054742321519
-2.742985802624247 4.684986987455915
-4.8389860164263006 -4.709702453364368
6.694863950258064 -0.1140744284790074
5.066869664293963 9.331157455379358
-9.372999854355113 -5.57326855268947
-5.540413142317706 2.1406421330378222
-3.4783593381083815 -7.22703050487651
-1.8517808721752864 -7.805901735015359
7.030667711860797 1.1582172536468338
-0.3178089547384406 -4.765420103921345
2.1139175496324967 -7.430257505236291
-8.058367725959359 1.2643835446659324
-4.770499201840963 -2.299608009299366
-2.3343726477789666 6.082195743072006
-6.419004707694478 7.467879551558013
-2.8935052126764234 -6.320061099505223
-0.5368612677851168 3.0347045254447096
4.861477077645915 -3.5420657228802055
-2.5765734870751515 5.218957381798276
3.421530272884281 6.486534989849837
0.2578069308980808 -3.2316943507297813
-2.9098509425558916 -7.063098156937575
-4.215561977228253 -1.8235236811602995
-3.336519878766948 -1.676857288420388
5.890263626998117 -9.446407664879215
2.6262259829530503 -0.6574491952296597
-0.47906591451170755 -2.4812541825928385
2.606146831557691 6.870223677492561
-7.914610016165975 2.165220336503225
-2.5567654187681406 4.058861634613006
-4.8277968541293514 4.855810413937608
-0.5320789033493707 1.514086931459822
-7.474453175256657 2.937717677908587
6.445963424200606 4.160151881492542
-9.095542006867984 -5.576472280892317
5.135924649438476 -4.319566877844769
7.749825749299035 -5.733185922687314
-0.4815412351948556 -6.688357947595389
