100
0.02862065673934211 -6.5518294674942705
4.792649047413173 -2.4368916049521143
2.7752041815213584 8.210387216831776
5.748878623241392 3.048255492232844
-7.092338555173081 -3.9437315490222886
4.8049712677798055 -9.210107465518467
8.710407272507428 8.894640545978408
9.988015852860475 0.3401773918181856
-3.424542993993276 -8.085433023484654
6.116353133017064 0.8390403562516031
8.646282453625226 3.209492496515743
1.8976732960478433 6.190061012884996
-4.725768002936423 8.886714779117824
5.417862565804565 -8.412549980652162
-1.8207617093648114 -4.8943390040473655
-5.101346860795976 1.4020751032119172
-4.539553143311998 0.14860852838328675
-4.0814677716364685 1.6571232796923887
-2.01870495282842 -0.587356287705239
-6.26722224121975 -8.328359060851177
8.157492945015335 -5.878191497108571
-0.10511081404117384 8.922860023246237
6.805244725285945 0.5935428027819789
-3.926909586718484 -1.224132272558176
-8.539024411203533 -8.946318121214762
-5.228013699695488 -3.54816414218085
-9.537285740394115 -0.7205680202078426
6.610866663982371 2.453682509292797
1.0872106294108779 -5.240103266374669
6.876547259641718 4.640692523805663
7.165750943061763 7.59888747712181
-9.73994557115845 -9.758715337847981
1.8555583572989676 -6.955099097044455
-7.9971416135877575 -0.6842388761909479
-5.377438842431377 -0.6816849948275383
-3.880228622556487 -2.4714558576109047
-2.0047791229408185 5.315997251759141
6.932029709121121 -9.437955793914519
9.278022828720498 5.808685486567951
8.835485767091622 5.101975501491754
5.167126935798558 0.9066517334184514
1.0452481575103576 2.0465848974089056
-6.910401643452396 -6.14568133572261
8.999500338172655 6.439907862018956
-7.9084713801455875 -3.3753451119343296
2.171652669206029 -4.398155201047784
8.229273954823238 6.319328714873453
9.231372074439996 2.0254755843889463
4.671939763928741 7.040759890904134
-4.188548466236382 0.8347166056110247
5.102148127657355 -8.312638428730795
-2.4211156829087344 2.943058900436979
-9.49396890997858 6.03342480593356
1.874908335006591 4.526795397539715
-5.927704039078274 -6.509751034589206
4.88020448532267 -8.97620537453662
6.674119817819257 3.1052846888559937
-1.9221755828246074 -0.40846290247641015
-3.7134661056054146 -4.358796022114011
-2.272153872590077 7.80578637371833
-1.3041340672936386 2.986976277212767
4.134139616421875 -1.6460753843103326
-6.013289390911643 4.688180571728569
3.675062147498716 9.574634240032392
3.545813300087673 2.0439395704246515
5.88627396775987 -0.08172997383165281
5.701147652567171 -4.996974675354462
0.32529761790943645 -9.250085584379597
-5.381613826936579 0.0018266373777553468
3.513843602901119 6.389775532382661
-3.294146202410067 7.922046966191054
4.945319932430705 2.883228849779469
-8.467021164888472 -9.493865347341613
-7.038631666319233 7.715479330403145
0.1461431643850286 0.8536228444057272
6.24265992581288 1.533454084404104
2.6697568224311468 -0.9683039677232212
-5.274401972974387 -0.08978655161816462
9.209276184509207 7.368474931990928
4.947980969878037 -1.7151892858562512
-6.673204006289821 1.6576455012035431
9.143081971691835 6.433191773887948
5.73875239351546 -5.711763268289067
-5.156992265693372 0.17338185406771167
-2.610818680762854 3.2234899600130458
2.3186117699924544 -2.5191373512722564
-4.319123634443381 6.7879319191752
0.8746347517611603 3.787701322604647
-4.599298061078612 -1.6180914174503158
-8.164845644850963 6.961642901966648
6.754228012323633 -2.4719985691103137
-4.0041584419760845 -3.69095724715772
6.928747820853072 4.063904690574576
6.385904624406642 -8.081836024554214
8.732653642062086 0.831488361835282
3.3740406562851337 0.7570269126874063
-9.886946042301457 -3.1280618215868543
-1.5309166217451526 4.162650141754922
1.7324115342633277 -2.077979788317017
-4.392518947054837 7.706179490053142
